A: [[10, 38.3], [38.3, 177.39]]
B: [-405.75432155304406, 163.5827471417869]
C: [2207.676, 13477.553]
Valor de y: 412.15941415589054
