Autovetor: [[0.17935802166392067, 0.15052951103922443, 0.48371541323313744, 0.13030414947917204, 0.623236365437721, -1.1359812289682186e-08, 0.4837154065290013, -0.1303042081278871, 0.17935809908507433, -0.15052945864353787], [-0.4474906792427541, 0.5270019158208521, 0.09761748136384857, -0.07501638318379628, -0.11717030973165407, 2.2473128646669494e-09, 0.09761748185932409, 0.07501638396482772, -0.44749067745241355, -0.5270019200923893], [-0.237710184816928, -0.34230535669930023, 0.4807772175330731, -0.021203249341653338, -0.43525762515243227, -7.680892490359741e-13, 0.4807772175336793, 0.021203249342142374, -0.23771018481827502, 0.34230535670072954], [0.2169809746378647, 0.19621099717227888, 0.04118380830968468, 0.5332957063054562, -0.5065966550492524, -1.277239557580202e-09, 0.0411838091824691, -0.5332957045014083, 0.216980968161006, -0.1962110057400676], [-0.40496407885751223, -0.2096142610233341, -0.15377708033460544, 0.43879320411330064, 0.38956152293692875, 3.4222484366820195e-10, -0.15377708091463235, -0.43879320416196577, -0.40496407858673056, 0.20961426064699765], [-0.21694871740144345, -0.29917098464895925, 0.4631686363702861, -0.03324743795058833, 6.3052685305376e-11, 0.543689981703022, -0.463168636689817, -0.03324743779528769, 0.2169487202656036, -0.2991709821364389], [-0.3368233882134972, -0.23264091272413, -0.5088453785078314, 0.10290847656114128, 5.6816063489589754e-11, 0.3547236601353307, 0.5088453775791069, 0.10290847624692977, 0.3368233905107253, -0.23264090973067403], [0.24147622481305128, 0.2341998305907099, 0.009915244473719699, 0.5133812446218362, 2.6171656274468692e-08, 0.4963488099606492, -0.009915203743324027, 0.5133812334648281, -0.24147620957173793, 0.2341998179359944], [-0.3171669629494588, -0.09468258714542863, 0.1513587433501654, 0.45967322758610873, 8.692536526215852e-11, -0.5589836847433239, -0.15135874336528116, 0.4596732277615385, 0.3171669628730921, -0.09468258707756644], [-0.42494425658426754, 0.5408886860348417, 0.059526554776018814, -0.11595120349839462, -4.5782756563484984e-08, 0.14052554137019174, -0.05952661853306566, -0.11595119422398108, 0.42494423479139537, 0.5408887016600902]]
Autovalor: [1.1639159896374334, 94.68168886875108, 163.18468696148955, 169.38674726588076, 21.29296091424214, 170.18756198464635, 7.283229157788592, 162.12170175339372, 40.78779630880434, 95.75971079536653]
Determinante: 5.090829256959423e+16