Autovetor: [1.0, 1.3611257091603783, -2.0468636760545187, 0.23986867485875968, -0.08038459201846992, -2.403109856890627, 2.0610892409217803, 0.0718705859545876, -0.9322414353592227, 1.3001836480612943]
Autovalor: 170.1288016377349
Determinante: N/A